0 0.1765625 0.49609375 0.2828125 0.734375
0 0.36015625 0.49765625 0.2203125 0.76875
0 0.55703125 0.553125 0.2203125 0.83125
0 0.8 0.57265625 0.28125 0.8546875
0 0.19924999999999998 0.10734375 0.069421875 0.12982812500000002
0 0.24553124999999998 0.155546875 0.082265625 0.14654687500000002
0 0.6408125 0.19989062500000002 0.10670312500000001 0.250671875
0 0.659453125 0.10670312500000001 0.08484375 0.14140625
0 0.37921875 0.155546875 0.113125 0.203109375
0 0.9164999999999999 0.625328125 0.16699999999999998 0.749328125
